# Decision tree method, with pruning. (Best) depth: 9. Associated L2 hyperparameter: 0.0. Columns: N, Z, ExcessMass.
6.300000000000000711e+01 3.700000000000000000e+01 8.500896401459854701e+00
6.600000000000000000e+01 3.900000000000000000e+01 8.500896401459854701e+00
6.600000000000000000e+01 4.000000000000000000e+01 8.500896401459854701e+00
6.700000000000000000e+01 4.000000000000000000e+01 8.421913662162165082e+00
6.900000000000000000e+01 4.100000000000000000e+01 8.421913662162165082e+00
7.100000000000000000e+01 4.300000000000000000e+01 8.421913662162165082e+00
7.200000000000000000e+01 4.300000000000000000e+01 8.421913662162165082e+00
7.600000000000000000e+01 4.500000000000000000e+01 8.421913662162165082e+00
7.700000000000000000e+01 4.600000000000000000e+01 8.320999857142854950e+00
8.099999999999998579e+01 4.800000000000000000e+01 8.320999857142854950e+00
8.300000000000000000e+01 4.800000000000000000e+01 8.320999857142854950e+00
7.400000000000000000e+01 6.300000000000000711e+01 8.182013285714285544e+00
8.700000000000000000e+01 5.100000000000000000e+01 8.197777500000000828e+00
8.800000000000000000e+01 5.300000000000000000e+01 8.197777500000000828e+00
9.300000000000000000e+01 5.600000000000000000e+01 8.202976043478260593e+00
9.300000000000000000e+01 5.699999999999999289e+01 8.202976043478260593e+00
9.400000000000000000e+01 5.699999999999999289e+01 8.202976043478260593e+00
1.100000000000000000e+01 4.000000000000000000e+00 5.241435000000000066e+00
5.000000000000000000e+00 1.000000000000000000e+01 5.285208000000000794e+00
6.000000000000000888e+00 1.100000000000000000e+01 6.083177000000000056e+00
1.090000000000000000e+02 8.100000000000000000e+01 7.872348243902437481e+00
1.110000000000000142e+02 8.300000000000000000e+01 7.792394857142857845e+00
1.100000000000000000e+02 8.700000000000000000e+01 7.725464235294117188e+00
1.130000000000000000e+02 8.500000000000000000e+01 7.800524400000001357e+00
1.110000000000000142e+02 8.700000000000000000e+01 7.725464235294117188e+00
1.400000000000000000e+01 5.000000000000000000e+00 4.976630000000000109e+00
1.130000000000000000e+02 8.800000000000000000e+01 7.725464235294117188e+00
1.150000000000000000e+02 8.700000000000000000e+01 7.725464235294117188e+00
1.160000000000000142e+02 8.900000000000000000e+01 7.682981999999999978e+00
1.170000000000000000e+02 8.900000000000000000e+01 7.682981999999999978e+00
1.330000000000000000e+02 8.199999999999998579e+01 7.774331999999999354e+00
1.230000000000000000e+02 9.200000000000000000e+01 7.638524000000000314e+00
1.240000000000000000e+02 9.200000000000000000e+01 7.638524000000000314e+00
1.260000000000000142e+02 9.300000000000000000e+01 7.638524000000000314e+00
1.290000000000000000e+02 9.200000000000000000e+01 7.638524000000000314e+00
1.300000000000000000e+02 9.200000000000000000e+01 7.638524000000000314e+00
1.340000000000000000e+02 9.500000000000000000e+01 7.545998000000000872e+00
1.450000000000000000e+02 8.700000000000000000e+01 7.593816499999999969e+00
1.460000000000000000e+02 8.700000000000000000e+01 7.593816499999999969e+00
1.600000000000000000e+01 7.000000000000000000e+00 6.378534000000000148e+00
1.570000000000000000e+02 1.019999999999999858e+02 7.371383999999999936e+00
1.200000000000000178e+01 1.700000000000000000e+01 7.784608500000000042e+00
2.000000000000000000e+01 9.000000000000000000e+00 6.614791999999999561e+00
1.200000000000000178e+01 1.800000000000000000e+01 7.784608500000000042e+00
2.200000000000000000e+01 1.100000000000000000e+01 7.309278999999998305e+00
2.300000000000000000e+01 1.100000000000000000e+01 7.356233000000001354e+00
2.500000000000000000e+01 1.200000000000000000e+01 7.244418999999999720e+00
3.000000000000000000e+01 1.800000000000000000e+01 8.591488784648179333e+00
2.500000000000000000e+01 2.700000000000000000e+01 8.591488784648179333e+00
3.300000000000000000e+01 1.900000000000000000e+01 8.591488784648179333e+00
3.300000000000000000e+01 2.000000000000000000e+01 8.591488784648179333e+00
3.400000000000000000e+01 1.900000000000000000e+01 8.591488784648179333e+00
3.400000000000000000e+01 2.000000000000000000e+01 8.591488784648179333e+00
2.700000000000000000e+01 2.900000000000000000e+01 8.591488784648179333e+00
3.500000000000000000e+01 2.100000000000000000e+01 8.591488784648179333e+00
3.600000000000000000e+01 2.100000000000000000e+01 8.591488784648179333e+00
3.700000000000000000e+01 2.500000000000000000e+01 8.591488784648179333e+00
4.000000000000000000e+01 2.400000000000000000e+01 8.591488784648179333e+00
5.200000000000000000e+01 3.000000000000000000e+01 8.591488784648179333e+00
4.200000000000000000e+01 4.000000000000000000e+01 8.591488784648179333e+00
4.299999999999999289e+01 4.100000000000000000e+01 8.591488784648179333e+00
5.400000000000000000e+01 3.200000000000000000e+01 8.591488784648179333e+00
5.700000000000000000e+01 3.400000000000000000e+01 8.591488784648179333e+00
