# FFNN, sigmoid activation. (Best) eta: 0.001. Associated L2 hyperparameter: 0.001. Columns: N, Z, B.
6.300000000000000711e+01 3.700000000000000000e+01 8.398715613027108020e+02
6.600000000000000000e+01 3.900000000000000000e+01 8.700663312290997737e+02
6.600000000000000000e+01 4.000000000000000000e+01 9.040152204769441369e+02
6.700000000000000000e+01 4.000000000000000000e+01 8.863006469119943631e+02
6.900000000000000000e+01 4.100000000000000000e+01 9.194191805112563998e+02
7.100000000000000000e+01 4.300000000000000000e+01 9.503408084093464367e+02
7.200000000000000000e+01 4.300000000000000000e+01 9.530216157758776490e+02
7.600000000000000000e+01 4.500000000000000000e+01 1.002995118293850510e+03
7.700000000000000000e+01 4.600000000000000000e+01 1.018941592453146654e+03
8.099999999999998579e+01 4.800000000000000000e+01 1.068125238966978259e+03
8.300000000000000000e+01 4.800000000000000000e+01 1.085390715559309456e+03
7.400000000000000000e+01 6.300000000000000711e+01 1.117035326957835650e+03
8.700000000000000000e+01 5.100000000000000000e+01 1.140679593762566583e+03
8.800000000000000000e+01 5.300000000000000000e+01 1.162986028163286619e+03
9.300000000000000000e+01 5.600000000000000000e+01 1.225061010823164906e+03
9.300000000000000000e+01 5.699999999999999289e+01 1.229867526776999284e+03
9.400000000000000000e+01 5.699999999999999289e+01 1.240100106770627917e+03
1.100000000000000000e+01 4.000000000000000000e+00 1.644009526767166562e+02
5.000000000000000000e+00 1.000000000000000000e+01 1.446873584671944002e+02
6.000000000000000888e+00 1.100000000000000000e+01 1.568639466995142016e+02
1.090000000000000000e+02 8.100000000000000000e+01 1.510274654069902681e+03
1.110000000000000142e+02 8.300000000000000000e+01 1.537322825610019891e+03
1.100000000000000000e+02 8.700000000000000000e+01 1.563909187060639624e+03
1.130000000000000000e+02 8.500000000000000000e+01 1.564061933148836943e+03
1.110000000000000142e+02 8.700000000000000000e+01 1.563172958607451164e+03
1.400000000000000000e+01 5.000000000000000000e+00 1.920966566480626057e+02
1.130000000000000000e+02 8.800000000000000000e+01 1.590164899575873733e+03
1.150000000000000000e+02 8.700000000000000000e+01 1.590486276501284237e+03
1.160000000000000142e+02 8.900000000000000000e+01 1.615875714745990535e+03
1.170000000000000000e+02 8.900000000000000000e+01 1.616590777961662980e+03
1.330000000000000000e+02 8.199999999999998579e+01 1.674322069147324783e+03
1.230000000000000000e+02 9.200000000000000000e+01 1.677942121686452538e+03
1.240000000000000000e+02 9.200000000000000000e+01 1.683846644072981007e+03
1.260000000000000142e+02 9.300000000000000000e+01 1.701805684724659613e+03
1.290000000000000000e+02 9.200000000000000000e+01 1.712920531470955211e+03
1.300000000000000000e+02 9.200000000000000000e+01 1.714536320324299368e+03
1.340000000000000000e+02 9.500000000000000000e+01 1.758909942997945109e+03
1.450000000000000000e+02 8.700000000000000000e+01 1.778523139778985524e+03
1.460000000000000000e+02 8.700000000000000000e+01 1.775006160013298540e+03
1.600000000000000000e+01 7.000000000000000000e+00 2.171387344323231332e+02
1.570000000000000000e+02 1.019999999999999858e+02 1.911788554142298381e+03
1.200000000000000178e+01 1.700000000000000000e+01 2.346529089104796242e+02
2.000000000000000000e+01 9.000000000000000000e+00 2.597116163905270128e+02
1.200000000000000178e+01 1.800000000000000000e+01 2.650541931919279932e+02
2.200000000000000000e+01 1.100000000000000000e+01 2.867516124396844930e+02
2.300000000000000000e+01 1.100000000000000000e+01 3.432286202187598292e+02
2.500000000000000000e+01 1.200000000000000000e+01 3.178704570568228860e+02
3.000000000000000000e+01 1.800000000000000000e+01 4.242057384930704416e+02
2.500000000000000000e+01 2.700000000000000000e+01 4.471025694152701249e+02
3.300000000000000000e+01 1.900000000000000000e+01 4.652250503200716025e+02
3.300000000000000000e+01 2.000000000000000000e+01 4.350766994967805772e+02
3.400000000000000000e+01 1.900000000000000000e+01 4.381776162727654196e+02
3.400000000000000000e+01 2.000000000000000000e+01 4.732692154942097318e+02
2.700000000000000000e+01 2.900000000000000000e+01 4.758327155552016166e+02
3.500000000000000000e+01 2.100000000000000000e+01 4.934791373645450108e+02
3.600000000000000000e+01 2.100000000000000000e+01 4.687424510114275904e+02
3.700000000000000000e+01 2.500000000000000000e+01 5.344052871296680678e+02
4.000000000000000000e+01 2.400000000000000000e+01 5.545413119282447951e+02
5.200000000000000000e+01 3.000000000000000000e+01 7.064012380974564849e+02
4.200000000000000000e+01 4.000000000000000000e+01 6.844521201135720503e+02
4.299999999999999289e+01 4.100000000000000000e+01 6.915231689614415700e+02
5.400000000000000000e+01 3.200000000000000000e+01 7.387011485238488149e+02
5.700000000000000000e+01 3.400000000000000000e+01 7.514227672755010872e+02
