# FFNN, tanh activation, linear out. (Best) eta: 0.001. Associated L2 hyperparameter: 1e-06. Columns: N, Z, B.
6.300000000000000711e+01 3.700000000000000000e+01 8.386143901881099509e+02
6.600000000000000000e+01 3.900000000000000000e+01 8.882039515373612630e+02
6.600000000000000000e+01 4.000000000000000000e+01 9.026310851107543840e+02
6.700000000000000000e+01 4.000000000000000000e+01 9.089477741012353817e+02
6.900000000000000000e+01 4.100000000000000000e+01 9.352692434963111054e+02
7.100000000000000000e+01 4.300000000000000000e+01 9.731291532088390568e+02
7.200000000000000000e+01 4.300000000000000000e+01 9.798651000658257999e+02
7.600000000000000000e+01 4.500000000000000000e+01 1.028966656152774476e+03
7.700000000000000000e+01 4.600000000000000000e+01 1.046034620818467147e+03
8.099999999999998579e+01 4.800000000000000000e+01 1.092328664263917290e+03
8.300000000000000000e+01 4.800000000000000000e+01 1.105360788299963815e+03
7.400000000000000000e+01 6.300000000000000711e+01 1.090389434747057976e+03
8.700000000000000000e+01 5.100000000000000000e+01 1.158378126950040951e+03
8.800000000000000000e+01 5.300000000000000000e+01 1.181303977958305950e+03
9.300000000000000000e+01 5.600000000000000000e+01 1.236724363734707595e+03
9.300000000000000000e+01 5.699999999999999289e+01 1.244236000718565265e+03
9.400000000000000000e+01 5.699999999999999289e+01 1.250613799121152852e+03
1.100000000000000000e+01 4.000000000000000000e+00 1.382095246851921218e+02
5.000000000000000000e+00 1.000000000000000000e+01 1.461629220472104294e+02
6.000000000000000888e+00 1.100000000000000000e+01 1.596865288134254399e+02
1.090000000000000000e+02 8.100000000000000000e+01 1.509081712837194118e+03
1.110000000000000142e+02 8.300000000000000000e+01 1.535039240532692020e+03
1.100000000000000000e+02 8.700000000000000000e+01 1.538002175511966470e+03
1.130000000000000000e+02 8.500000000000000000e+01 1.560546081917471156e+03
1.110000000000000142e+02 8.700000000000000000e+01 1.548107751135225499e+03
1.400000000000000000e+01 5.000000000000000000e+00 1.578974158829818180e+02
1.130000000000000000e+02 8.800000000000000000e+01 1.570144621824366595e+03
1.150000000000000000e+02 8.700000000000000000e+01 1.585534790507810385e+03
1.160000000000000142e+02 8.900000000000000000e+01 1.601002130572109991e+03
1.170000000000000000e+02 8.900000000000000000e+01 1.609942647168545591e+03
1.330000000000000000e+02 8.199999999999998579e+01 1.647500360510400014e+03
1.230000000000000000e+02 9.200000000000000000e+01 1.670548032472889645e+03
1.240000000000000000e+02 9.200000000000000000e+01 1.678358346972240952e+03
1.260000000000000142e+02 9.300000000000000000e+01 1.697442252553164735e+03
1.290000000000000000e+02 9.200000000000000000e+01 1.713057917952515027e+03
1.300000000000000000e+02 9.200000000000000000e+01 1.719145443646609465e+03
1.340000000000000000e+02 9.500000000000000000e+01 1.759649261211749263e+03
1.450000000000000000e+02 8.700000000000000000e+01 1.725192974104583527e+03
1.460000000000000000e+02 8.700000000000000000e+01 1.726300208436292451e+03
1.600000000000000000e+01 7.000000000000000000e+00 1.779307374241378739e+02
1.570000000000000000e+02 1.019999999999999858e+02 1.900104702652198284e+03
1.200000000000000178e+01 1.700000000000000000e+01 2.610837437927280575e+02
2.000000000000000000e+01 9.000000000000000000e+00 2.159486353231425255e+02
1.200000000000000178e+01 1.800000000000000000e+01 2.764957311937270674e+02
2.200000000000000000e+01 1.100000000000000000e+01 2.419583085572508878e+02
2.300000000000000000e+01 1.100000000000000000e+01 2.487874831393978354e+02
2.500000000000000000e+01 1.200000000000000000e+01 2.688286712958860107e+02
3.000000000000000000e+01 1.800000000000000000e+01 3.558228768653345355e+02
2.500000000000000000e+01 2.700000000000000000e+01 4.750631052536846823e+02
3.300000000000000000e+01 1.900000000000000000e+01 3.819711460434755850e+02
3.300000000000000000e+01 2.000000000000000000e+01 3.961549858690701171e+02
3.400000000000000000e+01 1.900000000000000000e+01 3.859808238786188213e+02
3.400000000000000000e+01 2.000000000000000000e+01 4.000456544076208161e+02
2.700000000000000000e+01 2.900000000000000000e+01 5.148328570219786116e+02
3.500000000000000000e+01 2.100000000000000000e+01 4.189070931920456928e+02
3.600000000000000000e+01 2.100000000000000000e+01 4.225239205486626020e+02
3.700000000000000000e+01 2.500000000000000000e+01 4.948331760644975930e+02
4.000000000000000000e+01 2.400000000000000000e+01 4.869383406357169974e+02
5.200000000000000000e+01 3.000000000000000000e+01 6.490968598726741448e+02
4.200000000000000000e+01 4.000000000000000000e+01 7.217483686730339514e+02
4.299999999999999289e+01 4.100000000000000000e+01 7.348697059770328224e+02
5.400000000000000000e+01 3.200000000000000000e+01 6.993856602812237497e+02
5.700000000000000000e+01 3.400000000000000000e+01 7.528843949672816507e+02
