# FFNN, tanh activation, tanh out. (Best) eta: 0.01. Associated L2 hyperparameter: 1e-05. Columns: N, Z, B.
6.300000000000000711e+01 3.700000000000000000e+01 8.675880157722923514e+02
6.600000000000000000e+01 3.900000000000000000e+01 9.375692691832025503e+02
6.600000000000000000e+01 4.000000000000000000e+01 8.871521919939420968e+02
6.700000000000000000e+01 4.000000000000000000e+01 9.523286656808750195e+02
6.900000000000000000e+01 4.100000000000000000e+01 9.541096167407747544e+02
7.100000000000000000e+01 4.300000000000000000e+01 9.854931192587986288e+02
7.200000000000000000e+01 4.300000000000000000e+01 1.005032313070749296e+03
7.600000000000000000e+01 4.500000000000000000e+01 1.040636322288617748e+03
7.700000000000000000e+01 4.600000000000000000e+01 1.052172888420927620e+03
8.099999999999998579e+01 4.800000000000000000e+01 1.087512590939473739e+03
8.300000000000000000e+01 4.800000000000000000e+01 1.100911753659554051e+03
7.400000000000000000e+01 6.300000000000000711e+01 1.113687381832847677e+03
8.700000000000000000e+01 5.100000000000000000e+01 1.206931362915158616e+03
8.800000000000000000e+01 5.300000000000000000e+01 1.166164844906050348e+03
9.300000000000000000e+01 5.600000000000000000e+01 1.231279855491256285e+03
9.300000000000000000e+01 5.699999999999999289e+01 1.290882197992187002e+03
9.400000000000000000e+01 5.699999999999999289e+01 1.247480343821803672e+03
1.100000000000000000e+01 4.000000000000000000e+00 1.185736487745120229e+02
5.000000000000000000e+00 1.000000000000000000e+01 9.346373333712364229e+01
6.000000000000000888e+00 1.100000000000000000e+01 1.025487609684119548e+02
1.090000000000000000e+02 8.100000000000000000e+01 1.499549960615148848e+03
1.110000000000000142e+02 8.300000000000000000e+01 1.521123677670849474e+03
1.100000000000000000e+02 8.700000000000000000e+01 1.500035097611804531e+03
1.130000000000000000e+02 8.500000000000000000e+01 1.541964899245890820e+03
1.110000000000000142e+02 8.700000000000000000e+01 1.528622454615160223e+03
1.400000000000000000e+01 5.000000000000000000e+00 1.443017640207557974e+02
1.130000000000000000e+02 8.800000000000000000e+01 1.531258692173241570e+03
1.150000000000000000e+02 8.700000000000000000e+01 1.562052375425058244e+03
1.160000000000000142e+02 8.900000000000000000e+01 1.561381169149383368e+03
1.170000000000000000e+02 8.900000000000000000e+01 1.581368574504085473e+03
1.330000000000000000e+02 8.199999999999998579e+01 1.729468468112279197e+03
1.230000000000000000e+02 9.200000000000000000e+01 1.624636819371586625e+03
1.240000000000000000e+02 9.200000000000000000e+01 1.665660929407846197e+03
1.260000000000000142e+02 9.300000000000000000e+01 1.649457054929615651e+03
1.290000000000000000e+02 9.200000000000000000e+01 1.677163287095695068e+03
1.300000000000000000e+02 9.200000000000000000e+01 1.706246200511322513e+03
1.340000000000000000e+02 9.500000000000000000e+01 1.708482408795597166e+03
1.450000000000000000e+02 8.700000000000000000e+01 1.752194022250363332e+03
1.460000000000000000e+02 8.700000000000000000e+01 1.793562976022756629e+03
1.600000000000000000e+01 7.000000000000000000e+00 1.685796230552196562e+02
1.570000000000000000e+02 1.019999999999999858e+02 1.810799287707508483e+03
1.200000000000000178e+01 1.700000000000000000e+01 1.759729692488459705e+02
2.000000000000000000e+01 9.000000000000000000e+00 2.153384152796641899e+02
1.200000000000000178e+01 1.800000000000000000e+01 2.952264308216612108e+02
2.200000000000000000e+01 1.100000000000000000e+01 2.466670834249155746e+02
2.300000000000000000e+01 1.100000000000000000e+01 3.008195889747357796e+02
2.500000000000000000e+01 1.200000000000000000e+01 2.847257439968466883e+02
3.000000000000000000e+01 1.800000000000000000e+01 4.210294032101730295e+02
2.500000000000000000e+01 2.700000000000000000e+01 4.647885149664750202e+02
3.300000000000000000e+01 1.900000000000000000e+01 4.829832842154502828e+02
3.300000000000000000e+01 2.000000000000000000e+01 4.324390017452143979e+02
3.400000000000000000e+01 1.900000000000000000e+01 4.353070161418675070e+02
3.400000000000000000e+01 2.000000000000000000e+01 4.621995203681347562e+02
2.700000000000000000e+01 2.900000000000000000e+01 4.998316738679063178e+02
3.500000000000000000e+01 2.100000000000000000e+01 5.142179339748349776e+02
3.600000000000000000e+01 2.100000000000000000e+01 4.734212674346409244e+02
3.700000000000000000e+01 2.500000000000000000e+01 5.558969724949758984e+02
4.000000000000000000e+01 2.400000000000000000e+01 5.326637936999453586e+02
5.200000000000000000e+01 3.000000000000000000e+01 6.731231169341796203e+02
4.200000000000000000e+01 4.000000000000000000e+01 6.772784148292050759e+02
4.299999999999999289e+01 4.100000000000000000e+01 7.078263622990750719e+02
5.400000000000000000e+01 3.200000000000000000e+01 7.075986648147398910e+02
5.700000000000000000e+01 3.400000000000000000e+01 8.175451843748472811e+02
