# FFNN, sigmoid activation, linear out. (Best) eta: 0.001. Associated L2 hyperparameter: 0.001. Columns: N, Z, B.
6.300000000000000711e+01 3.700000000000000000e+01 8.440633189261429834e+02
6.600000000000000000e+01 3.900000000000000000e+01 8.844588747188820435e+02
6.600000000000000000e+01 4.000000000000000000e+01 8.928693770832389873e+02
6.700000000000000000e+01 4.000000000000000000e+01 9.006106490307543027e+02
6.900000000000000000e+01 4.100000000000000000e+01 9.243591923860516317e+02
7.100000000000000000e+01 4.300000000000000000e+01 9.562008854393455977e+02
7.200000000000000000e+01 4.300000000000000000e+01 9.637520589175278474e+02
7.600000000000000000e+01 4.500000000000000000e+01 1.010027773982719168e+03
7.700000000000000000e+01 4.600000000000000000e+01 1.025543040871532639e+03
8.099999999999998579e+01 4.800000000000000000e+01 1.070763180002128593e+03
8.300000000000000000e+01 4.800000000000000000e+01 1.085053532317932195e+03
7.400000000000000000e+01 6.300000000000000711e+01 1.141902135941686311e+03
8.700000000000000000e+01 5.100000000000000000e+01 1.137053674139719760e+03
8.800000000000000000e+01 5.300000000000000000e+01 1.159779276281023613e+03
9.300000000000000000e+01 5.600000000000000000e+01 1.217111580830774528e+03
9.300000000000000000e+01 5.699999999999999289e+01 1.224922495933521304e+03
9.400000000000000000e+01 5.699999999999999289e+01 1.231532903948096191e+03
1.100000000000000000e+01 4.000000000000000000e+00 1.133498484455366224e+02
5.000000000000000000e+00 1.000000000000000000e+01 1.160467388727656726e+02
6.000000000000000888e+00 1.100000000000000000e+01 1.333826154764072101e+02
1.090000000000000000e+02 8.100000000000000000e+01 1.509477194638691799e+03
1.110000000000000142e+02 8.300000000000000000e+01 1.536359001501916055e+03
1.100000000000000000e+02 8.700000000000000000e+01 1.561521031106425198e+03
1.130000000000000000e+02 8.500000000000000000e+01 1.563072217895551375e+03
1.110000000000000142e+02 8.700000000000000000e+01 1.567207380231510115e+03
1.400000000000000000e+01 5.000000000000000000e+00 1.474899349864648173e+02
1.130000000000000000e+02 8.800000000000000000e+01 1.586197019947004037e+03
1.150000000000000000e+02 8.700000000000000000e+01 1.589623934948065198e+03
1.160000000000000142e+02 8.900000000000000000e+01 1.610544681231033792e+03
1.170000000000000000e+02 8.900000000000000000e+01 1.616020866709186976e+03
1.330000000000000000e+02 8.199999999999998579e+01 1.646228601478702558e+03
1.230000000000000000e+02 9.200000000000000000e+01 1.671229138537269591e+03
1.240000000000000000e+02 9.200000000000000000e+01 1.676460876968070352e+03
1.260000000000000142e+02 9.300000000000000000e+01 1.694509940909808847e+03
1.290000000000000000e+02 9.200000000000000000e+01 1.702136198907520566e+03
1.300000000000000000e+02 9.200000000000000000e+01 1.707174997770036953e+03
1.340000000000000000e+02 9.500000000000000000e+01 1.749984736507622301e+03
1.450000000000000000e+02 8.700000000000000000e+01 1.741160311620052198e+03
1.460000000000000000e+02 8.700000000000000000e+01 1.745720067599394724e+03
1.600000000000000000e+01 7.000000000000000000e+00 1.822358041477768609e+02
1.570000000000000000e+02 1.019999999999999858e+02 1.907742958293940092e+03
1.200000000000000178e+01 1.700000000000000000e+01 2.384918763796982262e+02
2.000000000000000000e+01 9.000000000000000000e+00 2.342931315832249766e+02
1.200000000000000178e+01 1.800000000000000000e+01 2.476340422888559658e+02
2.200000000000000000e+01 1.100000000000000000e+01 2.694539944239973011e+02
2.300000000000000000e+01 1.100000000000000000e+01 2.780369611279877518e+02
2.500000000000000000e+01 1.200000000000000000e+01 3.042585900033923281e+02
3.000000000000000000e+01 1.800000000000000000e+01 4.016519650689228342e+02
2.500000000000000000e+01 2.700000000000000000e+01 4.410178703435040575e+02
3.300000000000000000e+01 1.900000000000000000e+01 4.364494386562872705e+02
3.300000000000000000e+01 2.000000000000000000e+01 4.455142984850034509e+02
3.400000000000000000e+01 1.900000000000000000e+01 4.450153507279543987e+02
3.400000000000000000e+01 2.000000000000000000e+01 4.540712213373626582e+02
2.700000000000000000e+01 2.900000000000000000e+01 4.762970069905812238e+02
3.500000000000000000e+01 2.100000000000000000e+01 4.716721310233942859e+02
3.600000000000000000e+01 2.100000000000000000e+01 4.802109638485148366e+02
3.700000000000000000e+01 2.500000000000000000e+01 5.248419541609605403e+02
4.000000000000000000e+01 2.400000000000000000e+01 5.412774005366827623e+02
5.200000000000000000e+01 3.000000000000000000e+01 6.949267086181675950e+02
4.200000000000000000e+01 4.000000000000000000e+01 7.007539360124699215e+02
4.299999999999999289e+01 4.100000000000000000e+01 7.177783279250794521e+02
5.400000000000000000e+01 3.200000000000000000e+01 7.287963387397672932e+02
5.700000000000000000e+01 3.400000000000000000e+01 7.704943427594582772e+02
