# FFNN, sigmoid activation, tanh out. (Best) eta: 0.1. Associated L2 hyperparameter: 0.0001. Columns: N, Z, B.
6.300000000000000711e+01 3.700000000000000000e+01 8.373719166096842628e+02
6.600000000000000000e+01 3.900000000000000000e+01 8.769229526730972566e+02
6.600000000000000000e+01 4.000000000000000000e+01 8.849862882374038691e+02
6.700000000000000000e+01 4.000000000000000000e+01 8.926615693540398979e+02
6.900000000000000000e+01 4.100000000000000000e+01 9.159145996805114009e+02
7.100000000000000000e+01 4.300000000000000000e+01 9.468859740033318531e+02
7.200000000000000000e+01 4.300000000000000000e+01 9.543502701811638644e+02
7.600000000000000000e+01 4.500000000000000000e+01 9.994644194942169406e+02
7.700000000000000000e+01 4.600000000000000000e+01 1.014439933756375581e+03
8.099999999999998579e+01 4.800000000000000000e+01 1.058134526691860401e+03
8.300000000000000000e+01 4.800000000000000000e+01 1.072106784305859719e+03
7.400000000000000000e+01 6.300000000000000711e+01 1.119008719853331968e+03
8.700000000000000000e+01 5.100000000000000000e+01 1.121512028109467110e+03
8.800000000000000000e+01 5.300000000000000000e+01 1.142574071286257322e+03
9.300000000000000000e+01 5.600000000000000000e+01 1.196891369996342064e+03
9.300000000000000000e+01 5.699999999999999289e+01 1.203885735095838754e+03
9.400000000000000000e+01 5.699999999999999289e+01 1.210514020639599721e+03
1.100000000000000000e+01 4.000000000000000000e+00 1.206237111205063712e+02
5.000000000000000000e+00 1.000000000000000000e+01 1.180584525175545139e+02
6.000000000000000888e+00 1.100000000000000000e+01 1.282261889039241396e+02
1.090000000000000000e+02 8.100000000000000000e+01 1.501510340050389459e+03
1.110000000000000142e+02 8.300000000000000000e+01 1.532322031925283454e+03
1.100000000000000000e+02 8.700000000000000000e+01 1.553008185356836520e+03
1.130000000000000000e+02 8.500000000000000000e+01 1.561868095924312684e+03
1.110000000000000142e+02 8.700000000000000000e+01 1.560569570724283949e+03
1.400000000000000000e+01 5.000000000000000000e+00 1.418652952002525183e+02
1.130000000000000000e+02 8.800000000000000000e+01 1.581922666164562543e+03
1.150000000000000000e+02 8.700000000000000000e+01 1.589692022094518052e+03
1.160000000000000142e+02 8.900000000000000000e+01 1.608883535561308463e+03
1.170000000000000000e+02 8.900000000000000000e+01 1.615442596409810676e+03
1.330000000000000000e+02 8.199999999999998579e+01 1.669918445502586110e+03
1.230000000000000000e+02 9.200000000000000000e+01 1.665757450346623955e+03
1.240000000000000000e+02 9.200000000000000000e+01 1.670774244572515727e+03
1.260000000000000142e+02 9.300000000000000000e+01 1.684377644864084232e+03
1.290000000000000000e+02 9.200000000000000000e+01 1.693500955204568527e+03
1.300000000000000000e+02 9.200000000000000000e+01 1.697592679622927108e+03
1.340000000000000000e+02 9.500000000000000000e+01 1.721452122919691647e+03
1.450000000000000000e+02 8.700000000000000000e+01 1.732142670693409627e+03
1.460000000000000000e+02 8.700000000000000000e+01 1.734791174837925837e+03
1.600000000000000000e+01 7.000000000000000000e+00 1.652505340605972037e+02
1.570000000000000000e+02 1.019999999999999858e+02 1.777724872112465846e+03
1.200000000000000178e+01 1.700000000000000000e+01 2.029911648789516221e+02
2.000000000000000000e+01 9.000000000000000000e+00 2.057706390404625552e+02
1.200000000000000178e+01 1.800000000000000000e+01 2.101494500019014424e+02
2.200000000000000000e+01 1.100000000000000000e+01 2.359116894505978621e+02
2.300000000000000000e+01 1.100000000000000000e+01 2.440029337299621091e+02
2.500000000000000000e+01 1.200000000000000000e+01 2.688552701466063013e+02
3.000000000000000000e+01 1.800000000000000000e+01 3.685834723590066915e+02
2.500000000000000000e+01 2.700000000000000000e+01 4.054146758393106325e+02
3.300000000000000000e+01 1.900000000000000000e+01 4.073847449209058027e+02
3.300000000000000000e+01 2.000000000000000000e+01 4.170153492051630906e+02
3.400000000000000000e+01 1.900000000000000000e+01 4.172122483146075638e+02
3.400000000000000000e+01 2.000000000000000000e+01 4.268651121901800707e+02
2.700000000000000000e+01 2.900000000000000000e+01 4.445080376717168065e+02
3.500000000000000000e+01 2.100000000000000000e+01 4.463953235777389068e+02
3.600000000000000000e+01 2.100000000000000000e+01 4.562512050013581302e+02
3.700000000000000000e+01 2.500000000000000000e+01 5.046201865440021948e+02
4.000000000000000000e+01 2.400000000000000000e+01 5.241850578270320966e+02
5.200000000000000000e+01 3.000000000000000000e+01 6.886400767601924144e+02
4.200000000000000000e+01 4.000000000000000000e+01 6.884318922629682902e+02
4.299999999999999289e+01 4.100000000000000000e+01 7.058446146535859498e+02
5.400000000000000000e+01 3.200000000000000000e+01 7.228545948642261010e+02
5.700000000000000000e+01 3.400000000000000000e+01 7.646010242670836305e+02
