# FFNN, tanh activation, tanh out. (Best) eta: 0.01. Associated L2 hyperparameter: 0.01. Columns: N, Z, B.
6.300000000000000711e+01 3.700000000000000000e+01 8.463248421768125809e+02
6.600000000000000000e+01 3.900000000000000000e+01 8.910851793961452358e+02
6.600000000000000000e+01 4.000000000000000000e+01 8.976660867634496981e+02
6.700000000000000000e+01 4.000000000000000000e+01 9.081769149702660116e+02
6.900000000000000000e+01 4.100000000000000000e+01 9.357208039802674193e+02
7.100000000000000000e+01 4.300000000000000000e+01 9.692080980276358559e+02
7.200000000000000000e+01 4.300000000000000000e+01 9.796060205444629219e+02
7.600000000000000000e+01 4.500000000000000000e+01 1.032182446124642865e+03
7.700000000000000000e+01 4.600000000000000000e+01 1.047601190307548222e+03
8.099999999999998579e+01 4.800000000000000000e+01 1.096207135987959418e+03
8.300000000000000000e+01 4.800000000000000000e+01 1.114590326643876551e+03
7.400000000000000000e+01 6.300000000000000711e+01 1.111075159561422197e+03
8.700000000000000000e+01 5.100000000000000000e+01 1.162609489655622156e+03
8.800000000000000000e+01 5.300000000000000000e+01 1.179232522413607285e+03
9.300000000000000000e+01 5.600000000000000000e+01 1.230375583254033018e+03
9.300000000000000000e+01 5.699999999999999289e+01 1.234515042925254193e+03
9.400000000000000000e+01 5.699999999999999289e+01 1.241942410571589562e+03
1.100000000000000000e+01 4.000000000000000000e+00 4.166973215376638251e+01
5.000000000000000000e+00 1.000000000000000000e+01 8.487235076996063299e+01
6.000000000000000888e+00 1.100000000000000000e+01 1.058996062814815957e+02
1.090000000000000000e+02 8.100000000000000000e+01 1.478478267958609649e+03
1.110000000000000142e+02 8.300000000000000000e+01 1.506213468565288849e+03
1.100000000000000000e+02 8.700000000000000000e+01 1.518850142573787025e+03
1.130000000000000000e+02 8.500000000000000000e+01 1.533597439175215641e+03
1.110000000000000142e+02 8.700000000000000000e+01 1.527155771396260889e+03
1.400000000000000000e+01 5.000000000000000000e+00 8.363302488321437522e+01
1.130000000000000000e+02 8.800000000000000000e+01 1.548680093942140275e+03
1.150000000000000000e+02 8.700000000000000000e+01 1.560329014809520686e+03
1.160000000000000142e+02 8.900000000000000000e+01 1.578000768580873000e+03
1.170000000000000000e+02 8.900000000000000000e+01 1.586121181350341658e+03
1.330000000000000000e+02 8.199999999999998579e+01 1.670908914564280167e+03
1.230000000000000000e+02 9.200000000000000000e+01 1.645543482407592137e+03
1.240000000000000000e+02 9.200000000000000000e+01 1.653069042419040898e+03
1.260000000000000142e+02 9.300000000000000000e+01 1.671235940100794323e+03
1.290000000000000000e+02 9.200000000000000000e+01 1.689231292204704914e+03
1.300000000000000000e+02 9.200000000000000000e+01 1.696125987237699519e+03
1.340000000000000000e+02 9.500000000000000000e+01 1.730982899482199628e+03
1.450000000000000000e+02 8.700000000000000000e+01 1.764180781536354289e+03
1.460000000000000000e+02 8.700000000000000000e+01 1.768825790079180024e+03
1.600000000000000000e+01 7.000000000000000000e+00 1.316161772294157402e+02
1.570000000000000000e+02 1.019999999999999858e+02 1.847725588145128995e+03
1.200000000000000178e+01 1.700000000000000000e+01 2.300637977623249810e+02
2.000000000000000000e+01 9.000000000000000000e+00 1.957062900568971884e+02
1.200000000000000178e+01 1.800000000000000000e+01 2.421917200316372032e+02
2.200000000000000000e+01 1.100000000000000000e+01 2.395005102390126126e+02
2.300000000000000000e+01 1.100000000000000000e+01 2.487097077721580831e+02
2.500000000000000000e+01 1.200000000000000000e+01 2.791962942971156849e+02
3.000000000000000000e+01 1.800000000000000000e+01 3.882650679979453230e+02
2.500000000000000000e+01 2.700000000000000000e+01 4.356418216492603506e+02
3.300000000000000000e+01 1.900000000000000000e+01 4.251805273889482919e+02
3.300000000000000000e+01 2.000000000000000000e+01 4.340887570339999115e+02
3.400000000000000000e+01 1.900000000000000000e+01 4.346124920036458548e+02
3.400000000000000000e+01 2.000000000000000000e+01 4.433241561277520759e+02
2.700000000000000000e+01 2.900000000000000000e+01 4.694755622465183365e+02
3.500000000000000000e+01 2.100000000000000000e+01 4.611900672186537804e+02
3.600000000000000000e+01 2.100000000000000000e+01 4.705295216631081416e+02
3.700000000000000000e+01 2.500000000000000000e+01 5.124038952587883387e+02
4.000000000000000000e+01 2.400000000000000000e+01 5.318703748770606126e+02
5.200000000000000000e+01 3.000000000000000000e+01 6.887315424153118784e+02
4.200000000000000000e+01 4.000000000000000000e+01 6.781344507001128932e+02
4.299999999999999289e+01 4.100000000000000000e+01 6.944569283106969806e+02
5.400000000000000000e+01 3.200000000000000000e+01 7.215879131230240091e+02
5.700000000000000000e+01 3.400000000000000000e+01 7.647689026095375766e+02
