# FFNN, LASSO. (Best) degree: 10. Associated L2 hyperparameter: 1e-05. Columns: N, Z, B.
6.300000000000000711e+01 3.700000000000000000e+01 8.347889200607585281e+02
6.600000000000000000e+01 3.900000000000000000e+01 8.761132255583491997e+02
6.600000000000000000e+01 4.000000000000000000e+01 8.838555692934482977e+02
6.700000000000000000e+01 4.000000000000000000e+01 8.924400521830658590e+02
6.900000000000000000e+01 4.100000000000000000e+01 9.174008275011591422e+02
7.100000000000000000e+01 4.300000000000000000e+01 9.496306602974453881e+02
7.200000000000000000e+01 4.300000000000000000e+01 9.586264745701471384e+02
7.600000000000000000e+01 4.500000000000000000e+01 1.009086442169900579e+03
7.700000000000000000e+01 4.600000000000000000e+01 1.025002474499542814e+03
8.099999999999998579e+01 4.800000000000000000e+01 1.075800138060940526e+03
8.300000000000000000e+01 4.800000000000000000e+01 1.095487580946297840e+03
7.400000000000000000e+01 6.300000000000000711e+01 1.073389354043745243e+03
8.700000000000000000e+01 5.100000000000000000e+01 1.152705816927538308e+03
8.800000000000000000e+01 5.300000000000000000e+01 1.173121093347743454e+03
9.300000000000000000e+01 5.600000000000000000e+01 1.239057400689623591e+03
9.300000000000000000e+01 5.699999999999999289e+01 1.243096451727417389e+03
9.400000000000000000e+01 5.699999999999999289e+01 1.253795605502338503e+03
1.100000000000000000e+01 4.000000000000000000e+00 1.527323672772054977e+02
5.000000000000000000e+00 1.000000000000000000e+01 2.003018339853372254e+02
6.000000000000000888e+00 1.100000000000000000e+01 2.165695263135644666e+02
1.090000000000000000e+02 8.100000000000000000e+01 1.454502410394900153e+03
1.110000000000000142e+02 8.300000000000000000e+01 1.476324180027029570e+03
1.100000000000000000e+02 8.700000000000000000e+01 1.461346144436789700e+03
1.130000000000000000e+02 8.500000000000000000e+01 1.498077876589561356e+03
1.110000000000000142e+02 8.700000000000000000e+01 1.472986727027272764e+03
1.400000000000000000e+01 5.000000000000000000e+00 1.792682728539108723e+02
1.130000000000000000e+02 8.800000000000000000e+01 1.495552088264180384e+03
1.150000000000000000e+02 8.700000000000000000e+01 1.519891462574865500e+03
1.160000000000000142e+02 8.900000000000000000e+01 1.530090184886710176e+03
1.170000000000000000e+02 8.900000000000000000e+01 1.541911168259894566e+03
1.330000000000000000e+02 8.199999999999998579e+01 1.736985135113148999e+03
1.230000000000000000e+02 9.200000000000000000e+01 1.611353503221486335e+03
1.240000000000000000e+02 9.200000000000000000e+01 1.623242305525060829e+03
1.260000000000000142e+02 9.300000000000000000e+01 1.646678651670362342e+03
1.290000000000000000e+02 9.200000000000000000e+01 1.682531816224607837e+03
1.300000000000000000e+02 9.200000000000000000e+01 1.694329216585187851e+03
1.340000000000000000e+02 9.500000000000000000e+01 1.740785321168793416e+03
1.450000000000000000e+02 8.700000000000000000e+01 1.868095522669032107e+03
1.460000000000000000e+02 8.700000000000000000e+01 1.878756252771033814e+03
1.600000000000000000e+01 7.000000000000000000e+00 2.137352876699503383e+02
1.570000000000000000e+02 1.019999999999999858e+02 1.992180510728660238e+03
1.200000000000000178e+01 1.700000000000000000e+01 3.131120135824093609e+02
2.000000000000000000e+01 9.000000000000000000e+00 2.581907844780071173e+02
1.200000000000000178e+01 1.800000000000000000e+01 3.243412833997597318e+02
2.200000000000000000e+01 1.100000000000000000e+01 2.926543125223370794e+02
2.300000000000000000e+01 1.100000000000000000e+01 2.979294659525679663e+02
2.500000000000000000e+01 1.200000000000000000e+01 3.205757437368779961e+02
3.000000000000000000e+01 1.800000000000000000e+01 4.177084199166699250e+02
2.500000000000000000e+01 2.700000000000000000e+01 4.848202525800916760e+02
3.300000000000000000e+01 1.900000000000000000e+01 4.464470076032895349e+02
3.300000000000000000e+01 2.000000000000000000e+01 4.574270889629823387e+02
3.400000000000000000e+01 1.900000000000000000e+01 4.524642360480115144e+02
3.400000000000000000e+01 2.000000000000000000e+01 4.634443174077046024e+02
2.700000000000000000e+01 2.900000000000000000e+01 5.153717239052447212e+02
3.500000000000000000e+01 2.100000000000000000e+01 4.803829609428188405e+02
3.600000000000000000e+01 2.100000000000000000e+01 4.865423520434431452e+02
3.700000000000000000e+01 2.500000000000000000e+01 5.348147515259543070e+02
4.000000000000000000e+01 2.400000000000000000e+01 5.436457899519751891e+02
5.200000000000000000e+01 3.000000000000000000e+01 6.864837138428266599e+02
4.200000000000000000e+01 4.000000000000000000e+01 7.020660017766215333e+02
4.299999999999999289e+01 4.100000000000000000e+01 7.162842907328881665e+02
5.400000000000000000e+01 3.200000000000000000e+01 7.200306313268190479e+02
5.700000000000000000e+01 3.400000000000000000e+01 7.609825125285394734e+02
