# Regression, OLS. (Best) degree: 7. Columns: N, Z, B.
6.300000000000000711e+01 3.700000000000000000e+01 8.530100171361914363e+02
6.600000000000000000e+01 3.900000000000000000e+01 8.928202275434363173e+02
6.600000000000000000e+01 4.000000000000000000e+01 9.007387561634524218e+02
6.700000000000000000e+01 4.000000000000000000e+01 9.086569500845627090e+02
6.900000000000000000e+01 4.100000000000000000e+01 9.323371809712353979e+02
7.100000000000000000e+01 4.300000000000000000e+01 9.637669555437959161e+02
7.200000000000000000e+01 4.300000000000000000e+01 9.716351493709934175e+02
7.600000000000000000e+01 4.500000000000000000e+01 1.018642105717967070e+03
7.700000000000000000e+01 4.600000000000000000e+01 1.034226769033110941e+03
8.099999999999998579e+01 4.800000000000000000e+01 1.081119855989787993e+03
8.300000000000000000e+01 4.800000000000000000e+01 1.097037434490885744e+03
7.400000000000000000e+01 6.300000000000000711e+01 1.127242973837876661e+03
8.700000000000000000e+01 5.100000000000000000e+01 1.151512909205949427e+03
8.800000000000000000e+01 5.300000000000000000e+01 1.174083461009114217e+03
9.300000000000000000e+01 5.600000000000000000e+01 1.235773185338544408e+03
9.300000000000000000e+01 5.699999999999999289e+01 1.242475380480537524e+03
9.400000000000000000e+01 5.699999999999999289e+01 1.250709977863889662e+03
1.100000000000000000e+01 4.000000000000000000e+00 8.910704552686078728e+01
5.000000000000000000e+00 1.000000000000000000e+01 1.120611538131928597e+02
6.000000000000000888e+00 1.100000000000000000e+01 1.308434229999438401e+02
1.090000000000000000e+02 8.100000000000000000e+01 1.490821995467445959e+03
1.110000000000000142e+02 8.300000000000000000e+01 1.514895073908551922e+03
1.100000000000000000e+02 8.700000000000000000e+01 1.522625959252794246e+03
1.130000000000000000e+02 8.500000000000000000e+01 1.539140547292782685e+03
1.110000000000000142e+02 8.700000000000000000e+01 1.530907207288230666e+03
1.400000000000000000e+01 5.000000000000000000e+00 1.219373741705495320e+02
1.130000000000000000e+02 8.800000000000000000e+01 1.551684919777642108e+03
1.150000000000000000e+02 8.700000000000000000e+01 1.563661045923154688e+03
1.160000000000000142e+02 8.900000000000000000e+01 1.580512919617794523e+03
1.170000000000000000e+02 8.900000000000000000e+01 1.588525590913680617e+03
1.330000000000000000e+02 8.199999999999998579e+01 1.676761325960442946e+03
1.230000000000000000e+02 9.200000000000000000e+01 1.649435517026249045e+03
1.240000000000000000e+02 9.200000000000000000e+01 1.656909076654909086e+03
1.260000000000000142e+02 9.300000000000000000e+01 1.676639264405026324e+03
1.290000000000000000e+02 9.200000000000000000e+01 1.692805984839905250e+03
1.300000000000000000e+02 9.200000000000000000e+01 1.699674859433630218e+03
1.340000000000000000e+02 9.500000000000000000e+01 1.741652407703504423e+03
1.450000000000000000e+02 8.700000000000000000e+01 1.768875190615888869e+03
1.460000000000000000e+02 8.700000000000000000e+01 1.774692651575171112e+03
1.600000000000000000e+01 7.000000000000000000e+00 1.592159712875467790e+02
1.570000000000000000e+02 1.019999999999999858e+02 1.922806057315280214e+03
1.200000000000000178e+01 1.700000000000000000e+01 2.432533567350594694e+02
2.000000000000000000e+01 9.000000000000000000e+00 2.143993403795832364e+02
1.200000000000000178e+01 1.800000000000000000e+01 2.540675632986517201e+02
2.200000000000000000e+01 1.100000000000000000e+01 2.544076518037899177e+02
2.300000000000000000e+01 1.100000000000000000e+01 2.627826948796994770e+02
2.500000000000000000e+01 1.200000000000000000e+01 2.914321477043284858e+02
3.000000000000000000e+01 1.800000000000000000e+01 4.021456368039602580e+02
2.500000000000000000e+01 2.700000000000000000e+01 4.468547488566494508e+02
3.300000000000000000e+01 1.900000000000000000e+01 4.388899444475231917e+02
3.300000000000000000e+01 2.000000000000000000e+01 4.492629990544637053e+02
3.400000000000000000e+01 1.900000000000000000e+01 4.476311227659138581e+02
3.400000000000000000e+01 2.000000000000000000e+01 4.580041773728544285e+02
2.700000000000000000e+01 2.900000000000000000e+01 4.814887714058707502e+02
3.500000000000000000e+01 2.100000000000000000e+01 4.769014602437113695e+02
3.600000000000000000e+01 2.100000000000000000e+01 4.856482860954634475e+02
3.700000000000000000e+01 2.500000000000000000e+01 5.328950398831115081e+02
4.000000000000000000e+01 2.400000000000000000e+01 5.497387916992050805e+02
5.200000000000000000e+01 3.000000000000000000e+01 7.057815095813923563e+02
4.200000000000000000e+01 4.000000000000000000e+01 7.020623546276240177e+02
4.299999999999999289e+01 4.100000000000000000e+01 7.185979240732474409e+02
5.400000000000000000e+01 3.200000000000000000e+01 7.392102007370694992e+02
5.700000000000000000e+01 3.400000000000000000e+01 7.803329277082858653e+02
