# Regression, Ridge. (Best) degree: 14. Associated L2 hyperparameter: 1e-06. Columns: N, Z, B.
6.300000000000000711e+01 3.700000000000000000e+01 8.537448466826881486e+02
6.600000000000000000e+01 3.900000000000000000e+01 8.936140056764747897e+02
6.600000000000000000e+01 4.000000000000000000e+01 9.014632755577167700e+02
6.700000000000000000e+01 4.000000000000000000e+01 9.094226305137252666e+02
6.900000000000000000e+01 4.100000000000000000e+01 9.330860841570711273e+02
7.100000000000000000e+01 4.300000000000000000e+01 9.643738593519099140e+02
7.200000000000000000e+01 4.300000000000000000e+01 9.722463371695814658e+02
7.600000000000000000e+01 4.500000000000000000e+01 1.019014679828566500e+03
7.700000000000000000e+01 4.600000000000000000e+01 1.034484327661849193e+03
8.099999999999998579e+01 4.800000000000000000e+01 1.081039566555205511e+03
8.300000000000000000e+01 4.800000000000000000e+01 1.096823849510460150e+03
7.400000000000000000e+01 6.300000000000000711e+01 1.128061314580803810e+03
8.700000000000000000e+01 5.100000000000000000e+01 1.150915411141145114e+03
8.800000000000000000e+01 5.300000000000000000e+01 1.173429447695373028e+03
9.300000000000000000e+01 5.600000000000000000e+01 1.234958815223284546e+03
9.300000000000000000e+01 5.699999999999999289e+01 1.241728682490091387e+03
9.400000000000000000e+01 5.699999999999999289e+01 1.249924187907393389e+03
1.100000000000000000e+01 4.000000000000000000e+00 8.942199604336835250e+01
5.000000000000000000e+00 1.000000000000000000e+01 1.121383306409411347e+02
6.000000000000000888e+00 1.100000000000000000e+01 1.305423981751421252e+02
1.090000000000000000e+02 8.100000000000000000e+01 1.490560502907703494e+03
1.110000000000000142e+02 8.300000000000000000e+01 1.514804939631337902e+03
1.100000000000000000e+02 8.700000000000000000e+01 1.522706283129284429e+03
1.130000000000000000e+02 8.500000000000000000e+01 1.539311429898567212e+03
1.110000000000000142e+02 8.700000000000000000e+01 1.531078025563320125e+03
1.400000000000000000e+01 5.000000000000000000e+00 1.229958812850502881e+02
1.130000000000000000e+02 8.800000000000000000e+01 1.552142086038491925e+03
1.150000000000000000e+02 8.700000000000000000e+01 1.564161478181365283e+03
1.160000000000000142e+02 8.900000000000000000e+01 1.581308109144019909e+03
1.170000000000000000e+02 8.900000000000000000e+01 1.589375176544887154e+03
1.330000000000000000e+02 8.199999999999998579e+01 1.675980638771367694e+03
1.230000000000000000e+02 9.200000000000000000e+01 1.650603322536434462e+03
1.240000000000000000e+02 9.200000000000000000e+01 1.658020949594548028e+03
1.260000000000000142e+02 9.300000000000000000e+01 1.677625133570624712e+03
1.290000000000000000e+02 9.200000000000000000e+01 1.693396918695448903e+03
1.300000000000000000e+02 9.200000000000000000e+01 1.700125563605544130e+03
1.340000000000000000e+02 9.500000000000000000e+01 1.741467763485642308e+03
1.450000000000000000e+02 8.700000000000000000e+01 1.768679170075803995e+03
1.460000000000000000e+02 8.700000000000000000e+01 1.774789824799314601e+03
1.600000000000000000e+01 7.000000000000000000e+00 1.606191787613954034e+02
1.570000000000000000e+02 1.019999999999999858e+02 1.918536997571759684e+03
1.200000000000000178e+01 1.700000000000000000e+01 2.421730953943051645e+02
2.000000000000000000e+01 9.000000000000000000e+00 2.156966609580072429e+02
1.200000000000000178e+01 1.800000000000000000e+01 2.529644730710030274e+02
2.200000000000000000e+01 1.100000000000000000e+01 2.551881813059477508e+02
2.300000000000000000e+01 1.100000000000000000e+01 2.635602115259478069e+02
2.500000000000000000e+01 1.200000000000000000e+01 2.918809987689930381e+02
3.000000000000000000e+01 1.800000000000000000e+01 4.014091035740341340e+02
2.500000000000000000e+01 2.700000000000000000e+01 4.475897283857034381e+02
3.300000000000000000e+01 1.900000000000000000e+01 4.378970315771134096e+02
3.300000000000000000e+01 2.000000000000000000e+01 4.483332213970127214e+02
3.400000000000000000e+01 1.900000000000000000e+01 4.465417399546368529e+02
3.400000000000000000e+01 2.000000000000000000e+01 4.569779297745430995e+02
2.700000000000000000e+01 2.900000000000000000e+01 4.824308181975587786e+02
3.500000000000000000e+01 2.100000000000000000e+01 4.758776494601815443e+02
3.600000000000000000e+01 2.100000000000000000e+01 4.845310992521537514e+02
3.700000000000000000e+01 2.500000000000000000e+01 5.322989221489708598e+02
4.000000000000000000e+01 2.400000000000000000e+01 5.487345164345609874e+02
5.200000000000000000e+01 3.000000000000000000e+01 7.055668505216317499e+02
4.200000000000000000e+01 4.000000000000000000e+01 7.020409465910986455e+02
4.299999999999999289e+01 4.100000000000000000e+01 7.184503753111041533e+02
5.400000000000000000e+01 3.200000000000000000e+01 7.392869169734775596e+02
5.700000000000000000e+01 3.400000000000000000e+01 7.806915178981080317e+02
