# XGBoost method. (Best) depth: 8. Associated L2 hyperparameter: 0.1. Columns: N, Z, ExcessMass.
6.300000000000000711e+01 3.700000000000000000e+01 8.324869161257520318e+02
6.600000000000000000e+01 3.900000000000000000e+01 8.786238267886341191e+02
6.600000000000000000e+01 4.000000000000000000e+01 8.883360987508892777e+02
6.700000000000000000e+01 4.000000000000000000e+01 8.944414357016087251e+02
6.900000000000000000e+01 4.100000000000000000e+01 9.140780321035757652e+02
7.100000000000000000e+01 4.300000000000000000e+01 9.498599761085584987e+02
7.200000000000000000e+01 4.300000000000000000e+01 9.573118141884953047e+02
7.600000000000000000e+01 4.500000000000000000e+01 1.005765892839968274e+03
7.700000000000000000e+01 4.600000000000000000e+01 1.023061973884508006e+03
8.099999999999998579e+01 4.800000000000000000e+01 1.070061161246940401e+03
8.300000000000000000e+01 4.800000000000000000e+01 1.079051766038462574e+03
7.400000000000000000e+01 6.300000000000000711e+01 1.124879849380061160e+03
8.700000000000000000e+01 5.100000000000000000e+01 1.133464910374894771e+03
8.800000000000000000e+01 5.300000000000000000e+01 1.158362777975723247e+03
9.300000000000000000e+01 5.600000000000000000e+01 1.214424363288849690e+03
9.300000000000000000e+01 5.699999999999999289e+01 1.226470788450524196e+03
9.400000000000000000e+01 5.699999999999999289e+01 1.232564101506292900e+03
1.100000000000000000e+01 4.000000000000000000e+00 7.682638494569063425e+01
5.000000000000000000e+00 1.000000000000000000e+01 8.928191437780111528e+01
6.000000000000000888e+00 1.100000000000000000e+01 1.047241559683084517e+02
1.090000000000000000e+02 8.100000000000000000e+01 1.496031337456539404e+03
1.110000000000000142e+02 8.300000000000000000e+01 1.517228880570486126e+03
1.100000000000000000e+02 8.700000000000000000e+01 1.517702248473644204e+03
1.130000000000000000e+02 8.500000000000000000e+01 1.539069760432720159e+03
1.110000000000000142e+02 8.700000000000000000e+01 1.523762875213041980e+03
1.400000000000000000e+01 5.000000000000000000e+00 9.585425707367062387e+01
1.130000000000000000e+02 8.800000000000000000e+01 1.542711483023822439e+03
1.150000000000000000e+02 8.700000000000000000e+01 1.560769738924026569e+03
1.160000000000000142e+02 8.900000000000000000e+01 1.573895746420696469e+03
1.170000000000000000e+02 8.900000000000000000e+01 1.582831134684920244e+03
1.330000000000000000e+02 8.199999999999998579e+01 1.669072346113890490e+03
1.230000000000000000e+02 9.200000000000000000e+01 1.641500037412852180e+03
1.240000000000000000e+02 9.200000000000000000e+01 1.650390948939442751e+03
1.260000000000000142e+02 9.300000000000000000e+01 1.669970986340403670e+03
1.290000000000000000e+02 9.200000000000000000e+01 1.688226294033587010e+03
1.300000000000000000e+02 9.200000000000000000e+01 1.698931062645077645e+03
1.340000000000000000e+02 9.500000000000000000e+01 1.736279498362138838e+03
1.450000000000000000e+02 8.700000000000000000e+01 1.762298156403958728e+03
1.460000000000000000e+02 8.700000000000000000e+01 1.767142735437512329e+03
1.600000000000000000e+01 7.000000000000000000e+00 1.501433101447373701e+02
1.570000000000000000e+02 1.019999999999999858e+02 1.911355813897803500e+03
1.200000000000000178e+01 1.700000000000000000e+01 2.179795572462826954e+02
2.000000000000000000e+01 9.000000000000000000e+00 1.944008159847110448e+02
1.200000000000000178e+01 1.800000000000000000e+01 2.224627190102487759e+02
2.200000000000000000e+01 1.100000000000000000e+01 2.425012987351566665e+02
2.300000000000000000e+01 1.100000000000000000e+01 2.464767719637751497e+02
2.500000000000000000e+01 1.200000000000000000e+01 2.723063746864423251e+02
3.000000000000000000e+01 1.800000000000000000e+01 4.031562363826856199e+02
2.500000000000000000e+01 2.700000000000000000e+01 4.345257611512765266e+02
3.300000000000000000e+01 1.900000000000000000e+01 4.336114198192208846e+02
3.300000000000000000e+01 2.000000000000000000e+01 4.470140936366021833e+02
3.400000000000000000e+01 1.900000000000000000e+01 4.395856612939238630e+02
3.400000000000000000e+01 2.000000000000000000e+01 4.555504753674119911e+02
2.700000000000000000e+01 2.900000000000000000e+01 4.743616255441680778e+02
3.500000000000000000e+01 2.100000000000000000e+01 4.701820963119193948e+02
3.600000000000000000e+01 2.100000000000000000e+01 4.743573062809333578e+02
3.700000000000000000e+01 2.500000000000000000e+01 5.300666381667405176e+02
4.000000000000000000e+01 2.400000000000000000e+01 5.381794986268580487e+02
5.200000000000000000e+01 3.000000000000000000e+01 6.884682628794461152e+02
4.200000000000000000e+01 4.000000000000000000e+01 6.957136518504470359e+02
4.299999999999999289e+01 4.100000000000000000e+01 7.104977311134562115e+02
5.400000000000000000e+01 3.200000000000000000e+01 7.252065734803900341e+02
5.700000000000000000e+01 3.400000000000000000e+01 7.646617006559819174e+02
