1.675(0.951
0.840(0.880
-0.226(0.686
-0.117(0.611
-0.192(0.498
0.001(0.416
0.141(0.650
0.460(0.513
-0.498(0.638
-0.469(0.557
0.297(0.504
0.212(0.496
0.895(0.492
-0.313(0.522
-0.671(0.536
-0.196(0.492
0.018(0.531
-0.583(0.501
-0.290(0.522
0.441(0.495
0.175(0.510
0.018(0.501
-0.560(0.444
-0.253(0.607
-0.208(0.570
0.034(0.596
-0.074(0.420
-0.677(0.398
-0.581(0.388
-0.152(0.418
-0.225(0.289
0.257(0.317
0.247(0.301
0.225(0.304
0.394(0.475
0.016(0.404
-0.215(0.317
0.144(0.421
0.426(0.586
0.167(0.425
-0.473(0.389
-0.649(0.361
-0.215(0.437
0.005(0.456
0.978(0.536
0.713(0.531
