3.300000000000000000e+01 2.000000000000000000e+01 1.675000000000000044e+00 9.509999999999999565e-01
3.400000000000000000e+01 2.000000000000000000e+01 8.399999999999999689e-01 8.800000000000000044e-01
3.500000000000000000e+01 2.100000000000000000e+01 -2.260000000000000064e-01 6.860000000000000542e-01
3.600000000000000000e+01 2.100000000000000000e+01 -1.170000000000000068e-01 6.109999999999999876e-01
4.000000000000000000e+01 2.400000000000000000e+01 -1.920000000000000040e-01 4.979999999999999982e-01
3.700000000000000000e+01 2.500000000000000000e+01 1.000000000000000021e-03 4.159999999999999809e-01
2.500000000000000000e+01 2.700000000000000000e+01 1.409999999999999865e-01 6.500000000000000222e-01
2.700000000000000000e+01 2.900000000000000000e+01 4.600000000000000200e-01 5.130000000000000115e-01
5.200000000000000000e+01 3.000000000000000000e+01 -4.979999999999999982e-01 6.380000000000000115e-01
5.400000000000000000e+01 3.200000000000000000e+01 -4.689999999999999725e-01 5.570000000000000506e-01
5.700000000000000000e+01 3.400000000000000000e+01 2.969999999999999862e-01 5.040000000000000036e-01
6.300000000000000000e+01 3.700000000000000000e+01 2.119999999999999940e-01 4.959999999999999964e-01
6.600000000000000000e+01 3.900000000000000000e+01 8.950000000000000178e-01 4.919999999999999929e-01
4.200000000000000000e+01 4.000000000000000000e+01 -3.130000000000000004e-01 5.220000000000000195e-01
6.600000000000000000e+01 4.000000000000000000e+01 -6.710000000000000409e-01 5.360000000000000320e-01
6.700000000000000000e+01 4.000000000000000000e+01 -1.960000000000000075e-01 4.919999999999999929e-01
4.300000000000000000e+01 4.100000000000000000e+01 1.799999999999999864e-02 5.310000000000000275e-01
6.900000000000000000e+01 4.100000000000000000e+01 -5.829999999999999627e-01 5.010000000000000009e-01
7.100000000000000000e+01 4.300000000000000000e+01 -2.899999999999999800e-01 5.220000000000000195e-01
7.200000000000000000e+01 4.300000000000000000e+01 4.410000000000000031e-01 4.949999999999999956e-01
7.600000000000000000e+01 4.500000000000000000e+01 1.749999999999999889e-01 5.100000000000000089e-01
7.700000000000000000e+01 4.600000000000000000e+01 1.799999999999999864e-02 5.010000000000000009e-01
8.100000000000000000e+01 4.800000000000000000e+01 -5.600000000000000533e-01 4.440000000000000058e-01
8.300000000000000000e+01 4.800000000000000000e+01 -2.530000000000000027e-01 6.069999999999999840e-01
8.700000000000000000e+01 5.100000000000000000e+01 -2.079999999999999905e-01 5.699999999999999512e-01
8.800000000000000000e+01 5.300000000000000000e+01 3.400000000000000244e-02 5.959999999999999742e-01
9.300000000000000000e+01 5.600000000000000000e+01 -7.399999999999999634e-02 4.199999999999999845e-01
9.300000000000000000e+01 5.700000000000000000e+01 -6.770000000000000462e-01 3.980000000000000204e-01
9.400000000000000000e+01 5.700000000000000000e+01 -5.809999999999999609e-01 3.880000000000000115e-01
7.400000000000000000e+01 6.300000000000000000e+01 -1.519999999999999962e-01 4.179999999999999827e-01
1.090000000000000000e+02 8.100000000000000000e+01 -2.250000000000000056e-01 2.889999999999999791e-01
1.330000000000000000e+02 8.200000000000000000e+01 2.570000000000000062e-01 3.170000000000000040e-01
1.110000000000000000e+02 8.300000000000000000e+01 2.469999999999999973e-01 3.009999999999999898e-01
1.130000000000000000e+02 8.500000000000000000e+01 2.250000000000000056e-01 3.039999999999999925e-01
1.100000000000000000e+02 8.700000000000000000e+01 3.940000000000000169e-01 4.749999999999999778e-01
1.110000000000000000e+02 8.700000000000000000e+01 1.600000000000000033e-02 4.040000000000000258e-01
1.150000000000000000e+02 8.700000000000000000e+01 -2.149999999999999967e-01 3.170000000000000040e-01
1.450000000000000000e+02 8.700000000000000000e+01 1.439999999999999891e-01 4.209999999999999853e-01
1.460000000000000000e+02 8.700000000000000000e+01 4.259999999999999898e-01 5.859999999999999654e-01
1.130000000000000000e+02 8.800000000000000000e+01 1.670000000000000095e-01 4.249999999999999889e-01
1.160000000000000000e+02 8.900000000000000000e+01 -4.729999999999999760e-01 3.890000000000000124e-01
1.170000000000000000e+02 8.900000000000000000e+01 -6.490000000000000213e-01 3.609999999999999876e-01
1.230000000000000000e+02 9.200000000000000000e+01 -2.149999999999999967e-01 4.369999999999999996e-01
1.240000000000000000e+02 9.200000000000000000e+01 5.000000000000000104e-03 4.560000000000000164e-01
1.290000000000000000e+02 9.200000000000000000e+01 9.779999999999999805e-01 5.360000000000000320e-01
1.300000000000000000e+02 9.200000000000000000e+01 7.129999999999999671e-01 5.310000000000000275e-01
